1) greedy:
1.2332039927871679
1.3510964751538432
1.3969254689491928
1.3756075883697045
1.2594456293233878
2) greedy and alpha:
1.3932540648541343
1.3994634403448867
1.3984898123010694
1.3635468934825767
1.2458611432508624
3) greedy and initial:
1.5114941500085874
1.5045500670594925
1.490420028255835
1.4586311972969734
4) UCB:
1.5226647954797536
1.5305905557802615
1.5176101323132476
1.440517813415161
1.2494235051618803
5) gradient:
1.3543108410700546
1.4476678343099378
1.4896252915969828
1.4736398865903912
